image_width: 128
image_height: 128
camera_name: DVS-synth1
camera_matrix:
  rows: 3
  cols: 3
  data: [91.4014729896821, 0.0, 64.0, 0.0, 91.4014729896821, 64.0, 0.0, 0.0, 1.0]
distortion_model: plumb_bob
distortion_coefficients:
  rows: 1
  cols: 5
  data: [0.0, 0.0, 0.0, 0.0, 0.0]
rectification_matrix:
  rows: 3
  cols: 3
  data: [1, 0, 0, 0, 1, 0, 0, 0, 1]
projection_matrix:
  rows: 3
  cols: 4
  data: [91.4014729896821, 0.0, 64.0, 0.0, 0.0, 91.4014729896821, 64.0, 0.0, 0.0, 0.0, 0.0, 1.0]
